array([[  74.,    0.,    1.,    0.],
       [   0.,  229.,    1.,    0.],
       [   0.,    0.,   90.,    0.],
       [   3.,    0.,   72.,  132.]])
array([[  98.66666667,    0.        ,    1.33333333,    0.        ],
       [   0.        ,   99.56521739,    0.43478261,    0.        ],
       [   0.        ,    0.        ,  100.        ,    0.        ],
       [   1.44927536,    0.        ,   34.7826087 ,   63.76811594]])
