array([[   4.,    5.,    0.,    1.],
       [   6.,  165.,    2.,    0.],
       [   3.,   22.,   15.,   11.],
       [   4.,    4.,   16.,   24.]])
array([[ 40.        ,  50.        ,   0.        ,  10.        ],
       [  3.46820809,  95.37572254,   1.15606936,   0.        ],
       [  5.88235294,  43.1372549 ,  29.41176471,  21.56862745],
       [  8.33333333,   8.33333333,  33.33333333,  50.        ]])
