array([[  74.,    0.,    1.,    0.],
       [   2.,  220.,    3.,    5.],
       [   0.,    0.,   90.,    0.],
       [   9.,    0.,   51.,  147.]])
array([[  98.66666667,    0.        ,    1.33333333,    0.        ],
       [   0.86956522,   95.65217391,    1.30434783,    2.17391304],
       [   0.        ,    0.        ,  100.        ,    0.        ],
       [   4.34782609,    0.        ,   24.63768116,   71.01449275]])
