array([[   4.,    5.,    0.,    1.],
       [   5.,  166.,    2.,    0.],
       [   2.,   20.,   15.,   14.],
       [   4.,    2.,   17.,   25.]])
array([[ 40.        ,  50.        ,   0.        ,  10.        ],
       [  2.89017341,  95.95375723,   1.15606936,   0.        ],
       [  3.92156863,  39.21568627,  29.41176471,  27.45098039],
       [  8.33333333,   4.16666667,  35.41666667,  52.08333333]])
