array([[   5.,    4.,    0.,    1.],
       [   7.,  163.,    3.,    0.],
       [   1.,   19.,   16.,   15.],
       [   8.,    1.,   14.,   25.]])
array([[ 50.        ,  40.        ,   0.        ,  10.        ],
       [  4.04624277,  94.21965318,   1.73410405,   0.        ],
       [  1.96078431,  37.25490196,  31.37254902,  29.41176471],
       [ 16.66666667,   2.08333333,  29.16666667,  52.08333333]])
