array([[   6.,    3.,    0.,    1.],
       [   8.,  158.,    7.,    0.],
       [   1.,   17.,   16.,   17.],
       [   7.,    1.,   13.,   27.]])
array([[ 60.        ,  30.        ,   0.        ,  10.        ],
       [  4.62427746,  91.32947977,   4.04624277,   0.        ],
       [  1.96078431,  33.33333333,  31.37254902,  33.33333333],
       [ 14.58333333,   2.08333333,  27.08333333,  56.25      ]])
