array([[   3.,    4.,    1.,    2.],
       [  17.,  129.,   18.,    9.],
       [   6.,   37.,    3.,    5.],
       [   4.,   29.,    5.,   10.]])
array([[ 30.        ,  40.        ,  10.        ,  20.        ],
       [  9.8265896 ,  74.56647399,  10.40462428,   5.20231214],
       [ 11.76470588,  72.54901961,   5.88235294,   9.80392157],
       [  8.33333333,  60.41666667,  10.41666667,  20.83333333]])
