array([[   6.,    3.,    0.,    1.],
       [   6.,  165.,    2.,    0.],
       [   2.,   22.,   15.,   12.],
       [   7.,    2.,   13.,   26.]])
array([[ 60.        ,  30.        ,   0.        ,  10.        ],
       [  3.46820809,  95.37572254,   1.15606936,   0.        ],
       [  3.92156863,  43.1372549 ,  29.41176471,  23.52941176],
       [ 14.58333333,   4.16666667,  27.08333333,  54.16666667]])
