array([[   4.,    5.,    0.,    1.],
       [   6.,  157.,   10.,    0.],
       [   4.,   19.,   16.,   12.],
       [   5.,    3.,   15.,   25.]])
array([[ 40.        ,  50.        ,   0.        ,  10.        ],
       [  3.46820809,  90.75144509,   5.78034682,   0.        ],
       [  7.84313725,  37.25490196,  31.37254902,  23.52941176],
       [ 10.41666667,   6.25      ,  31.25      ,  52.08333333]])
