array([[   5.,    4.,    0.,    1.],
       [   6.,  163.,    4.,    0.],
       [   4.,   21.,   12.,   14.],
       [   5.,    5.,   14.,   24.]])
array([[ 50.        ,  40.        ,   0.        ,  10.        ],
       [  3.46820809,  94.21965318,   2.31213873,   0.        ],
       [  7.84313725,  41.17647059,  23.52941176,  27.45098039],
       [ 10.41666667,  10.41666667,  29.16666667,  50.        ]])
