array([[  73.,    1.,    0.,    1.],
       [   1.,  226.,    0.,    3.],
       [   1.,    0.,   30.,   59.],
       [  19.,    0.,    4.,  184.]])
array([[ 97.33333333,   1.33333333,   0.        ,   1.33333333],
       [  0.43478261,  98.26086957,   0.        ,   1.30434783],
       [  1.11111111,   0.        ,  33.33333333,  65.55555556],
       [  9.17874396,   0.        ,   1.93236715,  88.88888889]])
