array([[   5.,    4.,    0.,    1.],
       [   7.,  165.,    1.,    0.],
       [   4.,   21.,   13.,   13.],
       [   5.,    2.,   17.,   24.]])
array([[ 50.        ,  40.        ,   0.        ,  10.        ],
       [  4.04624277,  95.37572254,   0.57803468,   0.        ],
       [  7.84313725,  41.17647059,  25.49019608,  25.49019608],
       [ 10.41666667,   4.16666667,  35.41666667,  50.        ]])
